30 110 30 100
30 150 30 100
30 149 30 100
30 150 30 100
30 128 30 100
30 110 30 100
30 149 30 100
30 110 30 100
43 150 30 100
30 124 30 100
30 101 30 100
30 128 30 100
30 110 30 100
30 124 30 100
30 110 30 100
30 150 30 100
56 149 30 100
30 144 30 100
30 101 30 100
30 110 30 100
30 99 30 100
30 110 30 100
30 79 30 100
30 104 30 100
43 150 30 100
30 128 30 100
30 110 30 100
30 149 30 100
30 110 30 100
30 130 30 100
30 130 30 100
30 111 30 100
35 128 30 100
30 110 30 100
30 149 30 100
30 110 30 100
30 150 30 100
30 149 30 100
30 150 30 100
30 128 30 100
30 110 30 100
30 149 30 100
30 110 30 100
30 135 30 100
30 113 30 100
30 150 30 100
30 116 30 100
30 110 30 100
38 149 30 100
