30 112 30 100
30 150 30 100
30 112 30 100
30 150 30 100
30 122 30 100
30 112 30 100
30 112 30 100
30 112 30 100
74 150 30 100
30 112 30 100
30 67 30 100
30 110 30 100
30 112 30 100
30 112 30 100
30 112 30 100
30 150 30 100
30 112 30 100
30 127 30 100
30 122 30 100
30 112 30 100
30 112 30 100
30 112 30 100
30 27 30 100
30 112 30 100
50 150 30 100
30 122 30 100
30 112 30 100
30 112 30 100
30 112 30 100
30 150 30 100
30 112 30 100
30 123 30 100
30 122 30 100
30 112 30 100
30 112 30 100
30 112 30 100
30 150 30 100
30 112 30 100
30 150 30 100
30 122 30 100
30 112 30 100
30 112 30 100
30 112 30 100
30 150 30 100
30 112 30 100
30 150 30 100
30 122 30 100
30 112 30 100
30 112 30 100
