30 113 30 104
30 150 30 115
30 149 30 104
30 148 30 116
30 125 30 112
30 122 30 106
30 146 30 116
30 113 30 104
58 150 30 115
30 149 30 104
30 102 30 81
30 125 30 112
30 122 30 106
30 146 30 116
30 113 30 104
30 150 30 115
46 149 30 104
30 98 30 116
30 125 30 112
30 122 30 106
30 113 30 104
30 113 30 104
30 117 30 115
30 137 30 104
54 148 30 116
30 125 30 112
30 122 30 106
30 133 30 116
30 113 30 104
30 102 30 66
30 149 30 104
30 148 30 116
67 125 38 112
30 122 30 106
30 146 30 116
30 113 30 104
30 124 30 115
30 149 30 104
30 148 30 116
30 125 30 112
30 122 30 106
30 113 30 104
30 113 30 104
30 150 30 115
30 73 30 104
30 148 30 116
30 87 30 90
30 113 30 104
30 146 30 116
